8327105
8412235
8416786
8661020
8712166
8719102
9010929
9010943
9020429
9096399
9108740
9152820
9164732
9172222
9186352
9187057
9191175
9191668
9194012
9205158
9207039
9224439
9230048
9233818
9236315
9236743
9247168
9247431
9248813
9249180
9254977
9265249
9282558
9283289
9284726
9288693
9289518
9289532
9292204
9292967
9292979
9296822
9297137
9297888
9299707
9299769
9300829
9308546
9314820
9314894
9318137
9318230
9318321
9318565
931970300
9320063
9321172
9322176
9322695
9322956
9327047
9327413
9327487
9336464
9336490
9337901
9339260
9341419
9344198
9345350
9345623
9346512
9346641
9346926
9352303
9353113
9354571
9356622
9356751
9356921
9360855
9363522
9370848
9370850
9371268
9371610
9371878
9373735
9374868
9375616
9376816
9377183
9378278
9378292
9378307
9378620
9379301
9379961
9380374
9384992
9387279
9390458
9391000
9393333
9395989
9397511
9398486
9400837
9404625
9407225
9410519
9411331
9416070
9416812
9420851
9421219
9422548
9425253
9425356
9427524
9433303
9435313
9447328
9458145
9466130
9466142
9471032
9473925
9474541
9477529
9479802
9479979
9485356
9485368
9487380
9488839
9507726
9518799
9527776
9535400
9577991
9578012
9579585
9581447
9614593
9617698
9628489
9629562
9630030
9649225
9654579
9683049
9685504
9691735
9696553
9710311
9719513
9723289
9724623
9734836
9747986
9748215
9748904
9755646
9769128
9776559
9776755
9778002
9779941
9779965
9795074
9796585
9797802
9797814
9816531
9817169
9818278
9837169
9845178
9850692
9854478
9856799
9864277
9868780
9868974
9870666
9876347
9876440
9876830
9885908
9892432
9892987
9893046
9893058
9893228
9895903
9901362
9904041
9904053
9905423
9905928
9905952
9909651
9944144
9956927
Unknown
