7330052
8023527
8327105
8412235
8416786
8661020
8711837
8719102
9010929
9020429
9096399
9112870
9114763
9130468
9130808
9130810
9140815
9147734
9148972
9152820
9157002
9164732
9192375
9202039
9205158
9211535
9212498
9221786
9232955
9233806
9235892
9236315
9247168
9247481
9248447
9250050
9254977
9255282
9255488
9255490
9255517
9255804
9255878
9256420
9260407
9261566
9265251
9267560
9268186
9268241
9272735
9272747
9274666
9277371
9279410
9283459
9284647
9286827
9288693
9288708
9288710
9288722
9288734
9291262
9291561
9295335
9297137
9297204
9297333
9297541
9297890
9298189
9298193
9299680
9299862
9300829
9302607
9308558
9309239
9309423
9309435
9310317
9310355
9310381
9312884
9313527
9316024
9317676
9318228
9318230
9320063
9323405
9325908
9326500
9327372
9327384
9327437
9327475
9327487
9329306
9329655
9330185
9332614
9332626
9332640
9333656
9333917
9334571
9334739
9336696
9336701
9336713
9337004
9338735
9338905
9339636
9341184
9341419
9344198
9346512
9346641
9346926
9348302
9350460
9350886
9350898
9351567
9352195
9352303
9352315
9353084
9353096
9353137
9356919
9358931
9360831
9365635
9371610
9373632
9373735
9375977
9375989
9377183
9378292
9378735
9380477
9380489
9382762
9384069
9384447
9384459
9389071
9389083
9390161
9390458
9392468
9392640
9393333
9393345
9394935
9397781
9398486
9401128
9402249
9402495
9402689
9403906
9404625
9407213
9410519
9412000
9413547
9416032
9417323
9418602
9425497
9426207
9428073
9428085
9431032
9438860
9439151
9444479
9447055
9447067
9458016
9462316
9466013
9466130
9466142
9466726
9470959
9472529
9473107
9479802
9480980
9482562
9483516
9485356
9487380
9488839
9489194
9489572
9496692
9503914
9505687
9507582
9511387
9511533
9525584
9529487
9542984
9566758
9587843
9588158
9595137
9610781
9614593
9617698
9618850
9618862
9628300
9628489
9629550
9630030
9640138
9655444
9655511
9659103
9671216
9675080
9682992
9685451
9685499
9686883
9687502
9688386
9694464
9696553
9696577
9696589
9697507
9703332
9704453
9705914
9706425
9706463
9711456
9711470
9719525
9722390
9722596
9724075
9724336
9724544
9725603
9725639
9726580
9728241
9729271
9734836
9737371
9737395
9739824
9740471
9742211
9744960
9747986
9750660
9750725
9750737
9753832
9760500
9761176
9765079
9768394
9769128
9770945
9771523
9773052
9773753
9776755
9776767
9779953
9788617
9789532
9791004
9792864
9796743
9797814
9800312
9808156
9815616
9816529
9816531
9817169
9817171
9817470
9817963
9818058
9826720
9826732
9826897
9829100
9829679
9831294
9833113
9833199
9836062
9837171
9843560
9843572
9850692
9851610
9851622
9851696
9851713
9859739
9864277
9865104
9866952
9877559
9877573
9882396
9886718
9887803
9888730
9889136
9902835
9910117
Unknown
