10827884
5012606
6721034
7330052
8023527
8124503
8327105
8412235
8416786
8661020
8712166
8913708
8920581
9010929
9020429
9096399
9112870
9114763
9131199
9140815
9147734
9148958
9152820
9161065
9164081
9168635
9172155
9172222
9176929
9191668
9200081
9205158
9207039
9211535
9212345
9215141
9233818
9235892
9236315
9247168
9249697
9250050
9250074
9254977
9255282
9255490
9255660
9256420
9258882
9260847
9261566
9265251
9268239
9272735
9275074
9276585
9276597
9277371
9283289
9283459
9284647
9289518
9290359
9290361
9291250
9292101
9293478
9293545
9294669
9294692
9296547
9296597
9297137
9297333
9297541
9297553
9298181
9298193
9298753
9299771
9300829
9301873
9301902
9305180
9306782
9307982
9308546
9308558
9309239
9309423
9310317
9310355
9310707
9312444
9312913
9313527
9314105
9318228
9318230
9318565
9320063
9321603
9323314
9323326
9323390
9326897
9327372
9327384
9327437
9327475
9327487
9328144
9329306
9332157
9332626
9332781
9333917
9337389
9344203
9344265
9344423
9344435
9345350
9346407
9346500
9346641
9348479
9351567
9351634
9352195
9352270
9352298
9352303
9353096
9353113
9356919
9359569
9362140
9363857
9365623
9365635
9368780
9368792
9371610
9371878
9372652
9372858
9373632
9373735
9375977
9377183
9377779
9378292
9378620
9379624
9380075
9380477
9380489
9380506
9382114
9390458
9390991
9393345
9393395
9397327
9398486
9399260
9401556
9403827
9403906
9404364
9404625
9405057
9407093
9407213
9407380
9407457
9407988
9409259
9409273
9410507
9410519
9411927
9413547
9414216
9423449
9425552
9427524
9431264
9435313
9437684
9438858
9438860
9439151
9449223
9456939
9457878
9464273
9465992
9466726
9468530
9472529
9479670
9479802
9480980
9485356
9488839
9503902
9503914
9503926
9505687
9507726
9517458
9519614
9522324
9523548
9529475
9531478
9542984
9543043
9545211
9553634
9567697
9577991
9578036
9581019
9587843
9590905
9592276
9600865
9610810
9614593
9618862
9624079
9628489
9630030
9637507
9645097
9661558
9669665
9674763
9675066
9676125
9676137
9681156
9682978
9684122
9685499
9686857
9686871
9686883
9688374
9688386
9690846
9691735
9692832
9693068
9696589
9696773
9702209
9703332
9706463
9710323
9710335
9712553
9715701
9717278
9717503
9719264
9719525
9721891
9722390
9722405
9723289
9723681
9725603
9725627
9728239
9728241
9734836
9737383
9737395
9737400
9737759
9739812
9739824
9744960
9745512
9746619
9747974
9749685
9753818
9753832
9753844
9755725
9759800
9765017
9768526
9769128
9771523
9776743
9779953
9779965
9783124
9784611
9787924
9787936
9789532
9792864
9793284
9794422
9794446
9796585
9796743
9797802
9797814
9798179
9798375
9800374
9804904
9806706
9811127
9816529
9816531
9817157
9817169
9817171
9817470
9817963
9818058
9818278
9819844
9819882
9820776
9826847
9829095
9829784
9830599
9830604
9833113
9835848
9837169
9843572
9843912
9843924
9845104
9849394
9850666
9850692
9851713
9854478
9856799
9857860
9863560
9864277
9866938
9866952
9868778
9876828
9878711
9888508
9891696
9891919
9892432
9895226
9895903
9898204
9902835
9903413
9905320
9909649
9910337
Unknown
