9353101
9629550
9731731
9353137
9470909
9297228
9804904
9318228
9683049
9525572
9522324
9818058
9320063
9371610
9407457
9392468
9483516
9112870
9283796
9787936
9787924
9300489
9737759
9346512
9686883
9340908
9895903
9331153
9175183
9444479
9521411
9390161
9353084
9325908
9685499
9684110
9850666
9419369
9288863
9409273
9374533
9427988
9830599
9650054
9614593
9687502
9685451
9312913
9338905
9312444
9375977
9794422
9478315
10827884
9375604
9350898
9438418
9685425
9277759
9776444
9696577
9194012
9414216
9336713
9765017
9809368
9719513
9297890
9397781
9933212
9855812
9215141
9428188
9346720
9808156
9507726
9108843
9770945
9385142
9411927
9587843
9378632
9658367
9332626
9617698
9297137
9363522
9905928
9644225
9833101
9890599
9293478
9256420
9857224
9426207
9350745
9749685
9747974
9746621
9172222
9384447
9706425
9265885
9323326
9831294
9941702
9744910
9892834
9291250
9393395
9251755
9631436
9232888
9887803
9487378
9305180
9682978
8023527
9368778
9290359
9317949
9690846
9296195
9590905
9377183
9327463
9578024
9332640
9396385
9360441
9783007
9283289
9417323
9759800
9765079
9327011
9689160
9740471
9675078
9787194
9485368
9423736
9412000
9344203
9649225
9428073
9768526
9577044
9400356
9819844
9816531
9321689
9341419
9334571
9457608
9268277
9220794
9876828
9843924
9942304
9737383
9891919
9317676
9393333
9231509
9755646
9254977
9380477
9523548
9312080
9904053
9378307
9817470
9610810
9348302
9710323
9728239
9843912
9329306
9389083
9362152
9402495
9466130
9829100
9276597
9511521
9330185
9346926
9020429
9769128
9485356
9777931
9202039
9259111
9301873
9902835
9592290
9479668
9293002
9967251
9734836
9703332
9322956
8719102
9360336
9600865
9273832
9346407
9655444
9742211
9352195
9286059
9723291
9889942
9382114
9431032
9436018
9819052
9378620
9686871
9404364
9706463
9130808
9353113
9360831
9734848
9321691
9722405
9739824
9359569
9377779
9301536
9342413
9628489
9291561
9137648
9382762
9315800
9692832
9696589
9255660
9257022
9393345
9316024
9866380
9819882
9776743
9466726
9630028
9321677
8412235
9145413
9255517
9297553
9712553
9164081
9148972
9402249
9818278
9249697
9547570
9271884
9750725
9817963
9233806
9935557
9236743
9366744
9487380
9289518
9374868
9826847
9299721
9420629
9900851
9314105
9337327
9318553
9543043
9305568
9829095
9260823
9786190
9298753
9294692
9312884
9154323
9410507
9435313
9542984
9409259
9183295
9327413
9444455
9296547
9481001
9327437
9200081
9292620
9437672
9442914
9016882
9293545
9235892
9295335
9687021
9186352
9288693
9407988
9261566
9299862
9336701
9687485
9456939
9007104
9503902
9407213
9895226
9798375
8327105
9517458
9699505
9385673
9843560
9284647
9833199
9558763
9306794
9800312
9352270
9462316
9970507
9750660
9471032
9352303
9637507
9974589
9704453
9676137
9468530
9212345
9535541
9739800
9710311
9460241
9815616
9294669
8416786
9857860
9401556
9835848
9332781
9737371
9722170
9299707
9790373
9943360
9489194
9297888
9306782
9892987
9696773
9898204
9227261
9527635
9464364
9829643
9797802
9837171
9511533
9566758
9793284
9886718
9298189
9408190
9296597
9411343
9507594
9258882
9437983
9314868
9505687
9864277
9789532
9302607
9788617
9272747
9254240
9878711
9274525
9394935
9909651
9817171
9553048
9407976
9537771
9425497
9282053
9290830
9401128
9466013
9671216
9868778
9299692
9394519
9425241
9246152
9534066
9753832
9344435
9836062
9581423
9518804
9724532
9332157
9886639
9628300
9157002
9740794
9682992
9297321
9391000
9096399
9349203
9398486
9479802
9336696
9358670
9691735
9391945
9674763
9276561
9722596
9298181
9910533
9457749
9723289
9308900
9529487
9345350
9750749
9601223
9191163
9659103
9739836
9305556
9432866
9274666
9313474
9655511
9288734
9307815
9816529
9261102
9397339
9825568
9829679
9737395
9868974
9297333
9207039
9400837
9255488
9480980
9205158
9796585
9309435
9255282
9368792
9796743
9718777
9313527
9817157
9191668
9327059
9378735
9396775
9308546
9230048
9431056
9363857
9710335
9424754
9755658
9125645
9496692
9322695
9268241
9425552
9302982
9292060
9878008
9806706
9352298
9378723
9177557
9164732
9851610
9525584
9148960
9771523
9833113
9299159
9776755
9405057
9407225
9280586
9645097
9820776
9211535
9870472
9255804
9577111
9161065
9489209
9624079
9919890
9391373
9822451
9344265
9240158
9837169
9333656
9553634
9744960
9465992
9451226
9905320
9152820
9288722
9768370
9784611
9728241
9479670
7915113
9318230
9722780
9800257
9140815
9373632
9247481
9806627
9724685
9723681
8813087
9768368
9431264
9865104
9819832
9866952
9406582
9854466
9372858
9371268
9571038
9356622
9410519
9395367
9771511
9176929
9172155
9711456
9327372
9768382
9130810
9344423
9694464
9108740
9851622
9528043
9447067
9407093
9851713
9667485
9866938
9323314
9118496
9371878
9457878
9251743
9952608
9402469
9458028
8920567
9279410
9284582
9715701
9724594
9411989
9315769
9392640
9323390
9684122
9808168
9725639
9702209
9337389
9300829
9458145
9344198
9581447
9380075
9776767
9472529
9192375
5012606
9892444
9686869
9404625
9854478
9329655
9307982
9413547
9736092
9338735
9396749
9292101
9368780
9291597
9334569
9870666
9285184
9428085
9503914
9750713
9773052
9737400
9321603
9682241
9346641
9732682
9578036
9885996
9298193
9291262
8414477
9231183
9384069
9354571
9404388
9753818
9297541
9187057
9384459
8711837
9391505
9269257
9250074
9811127
9342396
8920581
9187409
9390305
9248447
9232955
9507582
9705914
9681156
541077891
9341184
9721891
9358931
9411991
9726580
9473107
9360415
9955997
9439151
9964077
9779953
9339636
9735658
9800374
9352315
9388209
8913708
9317195
9337004
9889136
9365623
9529475
9676125
9939797
9719264
9745512
9390458
9684108
9724336
9826897
9462304
9448877
9379612
9567697
9645413
9251652
8712166
9729271
9783124
9779941
9290361
9327384
9519614
9380506
9717503
9527609
9708148
9746619
9466738
9675080
9266425
9910117
9849394
9717278
9272735
9308077
9722390
9378292
9247168
9826720
9448152
9909247
9903413
9892432
9403827
9333917
9389679
9310317
9388742
9273351
9956939
9447055
9888508
9910337
9299771
9587790
9114763
9760500
9531478
9293117
9640138
9863560
9147734
9592276
9148958
9333618
9255878
9350886
9377951
9318565
9256432
8124503
9392250
9545211
9395989
9711470
9375989
9724544
9351634
9607722
9297371
9416032
9739812
9437684
9595137
9929871
9168635
9391282
9418602
9750737
9292967
9861811
9478288
9131199
9236315
9323405
9618862
9267560
9308833
9260081
9773753
9610341
9391397
9310381
9212498
9817315
7330052
9378278
9826732
9843572
9675066
9326897
9630030
9286827
9323376
9365635
9588158
9309629
9362140
9744908
9717292
9327475
9618850
9297204
9402689
9265251
9466142
9275335
9407380
9909649
9376828
9696553
9258868
9402471
9268186
9259991
9861809
9130468
9798167
9283306
9874820
9308443
9191175
Unknown
9697507
9792864
9282041
9581019
9693068
9323352
9778002
9856799
9830604
9265249
9301029
9577991
9425356
9334739
9833682
9868962
9829796
9891696
9172210
9310355
9631383
9356919
9369760
9350460
9233818
9845104
9333400
9733624
9277371
9299680
9403906
9327487
9258026
9379052
9283459
9489572
9372652
9242443
9768394
9370848
9275074
9886720
9294680
9282510
9315745
9779965
9753844
9410911
9423449
9719525
9914632
9458016
9346500
9877559
9326500
9798179
9250050
9724075
9905916
9260847
9332614
9877573
9593414
9268631
9791004
9686857
9888730
9010929
9669665
9390991
9273052
9427524
9351567
9511387
9859739
9307827
9488322
9761176
9829784
9260407
9380489
9953420
9882396
9314818
9247388
9379624
9464273
9794446
9348479
9276585
9482586
9876335
9288708
9797814
9185528
9747986
9470959
9268239
9301902
9902811
9221786
8661020
9259185
9688386
9610781
9482627
9389071
9273246
9449223
9290517
9850692
9907809
9488839
9308558
9298416
9438860
9309239
9353096
9328144
9397327
9607174
9755725
9288710
9310707
9688374
9893084
9177545
9248813
9438858
9831024
9326914
9373735
9387281
9645401
9948293
9537642
9725603
9288796
6721034
9725627
9309423
9377949
9381756
9255490
9503926
9399260
9851696
9904041
9661558
9817169
9803285
9482562
