5126512
7004342
8125454
8327105
8412235
8416786
8661020
8711837
8712166
8913708
9010929
9010943
9016882
9020417
9020429
9096399
9108740
9114763
9118496
9125645
9137648
9140815
9147461
9148960
9148972
9152820
9164093
9164108
9164732
9172155
9172222
9177545
9186352
9187057
9191163
9199127
9200081
9206671
9207039
9208069
9208148
9211535
9212345
9212486
9215141
9233818
9236315
9236353
9243382
9246152
9247168
9247986
9248849
9250892
9251755
9252955
9254240
9254941
9254977
9255244
9255282
9255517
9255672
9256420
9256432
9257802
9258868
9259111
9259290
9259991
9261516
9261578
9261657
9261762
9263930
9264116
9265249
9265756
9267560
9268239
9268277
9269257
9271248
9272709
9273064
9273088
9273351
9274434
9274800
9275763
9276561
9278674
9279410
9279446
9280586
9282481
9282510
9283306
9283978
9284192
9284805
9285196
9285861
9288356
9288370
9288746
9288837
9288954
9289532
9291250
9291561
9291573
9291602
9292204
9292515
9292577
9292620
9292967
9294680
9296547
9297137
9297228
9297321
9297333
9297369
9297371
9298416
9299159
9299721
9299886
9300829
9301873
9302126
9302970
9304356
9305556
9305568
9306562
9306627
9307671
9307815
9307827
9307982
9308065
9308546
9308833
9308857
9308900
9309007
9309148
9309423
9310317
9310355
9312078
9313474
9313527
9314167
9314179
9314777
9314820
9315068
9316024
9317949
9318008
9318034
9318228
9318230
9318321
9319674
9319686
9320063
9321172
9321718
9322712
9323560
9323584
9323596
9323819
9323986
9325908
9327047
9327059
9327463
9327487
9328132
9328170
9328297
9329306
9330185
9331153
9332614
9332638
9332640
9332834
9333618
9333917
9334038
9334569
9335032
9335044
9336696
9336713
9337327
9338735
9338814
9338905
9341184
9341316
9341419
9342413
9344198
9344265
9344320
9345350
9345623
9345659
9346407
9346500
9346641
9346744
9346926
9350460
9350757
9350886
9351543
9351567
9354179
9354258
9356622
9356919
9356921
9358931
9359557
9361031
9361469
9362152
9363522
9363780
9366744
9367217
9367671
9367695
9368223
9369760
9369887
9371878
9372652
9373632
9373735
9374557
9374868
9375616
9375977
9375989
9376816
9376945
9377183
9377949
9377951
937827800
9378292
9378632
9378735
9379337
9379612
9380477
9380831
9381835
9383443
9384069
9384435
9385673
9386249
9386378
9387255
9387918
9388015
9388728
9388742
9388792
9390458
9390769
9390991
9391000
9392315
9393072
9393333
9393345
9394519
9396488
9396737
9397559
9398280
9399492
9399911
9401128
9401300
9401556
9402677
9402782
9404364
9404584
9404625
9404950
9407213
9407225
9407976
9407988
9409273
9410507
9410519
9411135
9411989
9412452
9413585
9413688
9414292
9417751
9419101
9419137
9420617
9420851
9422445
9422536
9422639
9423683
9423841
9425241
9425253
9425356
9425502
9427641
9428085
9428346
9428384
9428451
9430272
9430739
9431020
9431032
9431123
9434890
9435313
9436381
9437672
9438444
9438858
9438860
9439151
9439852
9439876
9442184
9442914
9444455
9444467
9444479
9447304
9447328
9451226
9458145
9460239
9460241
9461685
9462093
9464376
9466130
9466142
9466738
9470909
9471032
9472529
9473092
9473925
9474539
9476824
9479668
9479670
9479711
9479802
9479840
9479979
9480992
9485356
9485368
9488322
9488839
9489194
9489209
9503902
9503914
9505687
9507594
9507726
9507738
9513139
9513440
9514456
9521411
9523287
9523548
9525572
9525584
9529487
9534066
9535400
9536363
9537642
9539561
9540003
9542166
9544607
9547570
9565742
9566289
9566758
9570113
9577991
9578000
9578012
9578024
9588914
9590668
9590682
9590711
9592305
9595632
9602473
9607722
9614593
9617698
9618848
9618850
9618862
9621601
9624005
9624770
9628300
9630004
9630030
9631436
9633446
9635858
9636797
9644225
9645970
9649225
9654775
9655004
9658367
9660657
9664720
9667928
9676125
9681120
9681156
9681390
9682992
9683013
9683051
9684108
9684110
9684122
9685425
9685451
9686869
9692478
9693812
9694658
9696577
9696589
9697492
9697507
9703332
9706085
9706463
9710311
9711470
9715555
9715701
9719513
9719525
9722170
9722390
9722405
9722613
9724336
9724350
9724702
9726750
9727546
9728411
9731755
9734848
9734850
9737383
9737400
9739800
9741815
9744893
9744910
9747974
9747986
9749556
9750062
9750701
9750725
9750737
9750749
9752797
9753832
9753844
9755646
9755658
9760495
9761164
9761176
9768368
9768370
9768382
9768394
9769128
9769829
9771511
9773923
9777931
9778002
9779941
9783631
9786190
9789532
9789714
9792046
9795048
9795062
9796585
9796705
9797802
9797814
9798002
9798351
9800506
9806627
9806706
9810513
9815757
9816529
9816531
9817171
9817315
9817963
9818216
9818278
9818280
9819052
9819882
9822451
9826732
9826897
9829784
9829796
9831024
9833101
9834296
9834301
9834715
9837169
9842176
9842188
9842190
9843912
9843924
9849382
9853008
9854466
9854478
9854806
9856359
9856799
9861809
9861811
9863558
9863560
9864277
9864837
9866380
9866940
9866964
9867621
9868156
9868168
9868974
9870666
9874246
9877145
9878008
9882401
9886782
9887384
9888730
9892432
9892444
9892975
9895214
9898204
9899375
9900796
9902823
9904041
9904053
9905916
9905928
9909247
9909649
9909651
9910533
9914620
9919735
9919890
9922976
9922988
9923425
9927213
9930105
9933535
9934412
9934890
9938767
9939797
9939802
9939814
9941568
9941702
9941714
9944302
9953494
9955521
9956006
9956020
9962419
9970507
9970519
9970595
9970739
9980318
9981245
Unknown
