10827884
5012606
5126512
541077891
6721034
7004342
7330052
7915113
8023527
8124503
8125454
8327105
8412235
8414477
8416786
8661020
8711837
8712166
8719102
8813087
8913708
8920567
8920581
9007104
9010929
9010943
9016882
9020417
9020429
9096399
9108740
9108843
9112870
9114763
9118496
9125645
9130468
9130808
9130810
9131199
9137648
9140815
9145413
9147461
9147734
9148958
9148960
9148972
9152820
9154323
9157002
9161065
9164081
9164093
9164108
9164732
9168635
9172155
9172210
9172222
9175183
9176929
9177545
9177557
9183295
9185528
9186352
9187057
9187409
9191163
9191175
9191668
9192375
9194012
9199127
9200081
9202039
9205158
9206671
9207039
9208069
9208148
9211535
9212345
9212486
9212498
9215141
9220794
9221786
9224439
9227261
9230048
9231183
9231509
9232888
9232955
9233806
9233818
9235892
9236315
9236353
9236743
9240158
9242443
9243382
9246152
9247168
9247388
9247431
9247481
9247986
9248447
9248813
9248849
9249180
9249697
9250050
9250074
9250892
9251652
9251743
9251755
9252955
9254240
9254941
9254977
9255244
9255282
9255488
9255490
9255517
9255660
9255672
9255804
9255878
9256420
9256432
9257022
9257802
9258026
9258868
9258882
9259111
9259185
9259290
9259991
9260081
9260407
9260823
9260847
9261102
9261516
9261566
9261578
9261657
9261762
9263930
9264116
9265249
9265251
9265756
9265885
9266425
9267560
9268186
9268239
9268241
9268277
9268631
9269257
9271248
9271884
9272709
9272735
9272747
9273052
9273064
9273088
9273246
9273351
9273832
9274434
9274525
9274666
9274800
9275074
9275335
9275763
9276561
9276585
9276597
9277371
9277759
9278674
9279410
9279446
9280586
9282041
9282053
9282481
9282510
9282558
9283289
9283306
9283459
9283796
9283978
9284192
9284582
9284647
9284726
9284805
9285184
9285196
9285861
9286059
9286827
9288356
9288370
9288693
9288708
9288710
9288722
9288734
9288746
9288796
9288837
9288863
9288954
9289518
9289532
9290359
9290361
9290517
9290830
9291250
9291262
9291561
9291573
9291597
9291602
9292060
9292101
9292204
9292515
9292577
9292620
9292967
9292979
9293002
9293117
9293478
9293545
9294669
9294680
9294692
9295335
9296195
9296547
9296597
9296822
9297137
9297204
9297228
9297321
9297333
9297369
9297371
9297541
9297553
9297888
9297890
9298181
9298189
9298193
9298416
9298753
9299159
9299680
9299692
9299707
9299721
9299769
9299771
9299862
9299886
9300489
9300829
9301029
9301536
9301873
9301902
9302126
9302607
9302970
9302982
9304356
9305180
9305556
9305568
9306562
9306627
9306782
9306794
9307671
9307815
9307827
9307982
9308065
9308077
9308443
9308546
9308558
9308833
9308857
9308900
9309007
9309148
9309239
9309423
9309435
9309629
9310317
9310355
9310381
9310707
9312078
9312080
9312444
9312884
9312913
9313474
9313527
9314105
9314167
9314179
9314777
9314818
9314820
9314868
9314894
9315068
9315745
9315769
9315800
9316024
9317195
9317676
9317949
9318008
9318034
9318137
9318228
9318230
9318321
9318553
9318565
9319674
9319686
931970300
9320063
9321172
9321603
9321677
9321689
9321691
9321718
9322176
9322695
9322712
9322956
9323314
9323326
9323352
9323376
9323390
9323405
9323560
9323584
9323596
9323819
9323986
9325908
9326500
9326897
9326914
9327011
9327047
9327059
9327372
9327384
9327413
9327437
9327463
9327475
9327487
9328132
9328144
9328170
9328297
9329306
9329655
9330185
9331153
9332157
9332614
9332626
9332638
9332640
9332781
9332834
9333400
9333618
9333656
9333917
9334038
9334569
9334571
9334739
9335032
9335044
9336464
9336490
9336696
9336701
9336713
9337004
9337327
9337389
9337901
9338735
9338814
9338905
9339260
9339636
9340908
9341184
9341316
9341419
9342396
9342413
9344198
9344203
9344265
9344320
9344423
9344435
9345350
9345623
9345659
9346407
9346500
9346512
9346641
9346720
9346744
9346926
9348302
9348479
9349203
9350460
9350745
9350757
9350886
9350898
9351543
9351567
9351634
9352195
9352270
9352298
9352303
9352315
9353084
9353096
9353101
9353113
9353137
9354179
9354258
9354571
9356622
9356751
9356919
9356921
9358670
9358931
9359557
9359569
9360336
9360415
9360441
9360831
9360855
9361031
9361469
9362140
9362152
9363522
9363780
9363857
9365623
9365635
9366744
9367217
9367671
9367695
9368223
9368778
9368780
9368792
9369760
9369887
9370848
9370850
9371268
9371610
9371878
9372652
9372858
9373632
9373735
9374533
9374557
9374868
9375604
9375616
9375977
9375989
9376816
9376828
9376945
9377183
9377779
9377949
9377951
9378278
937827800
9378292
9378307
9378620
9378632
9378723
9378735
9379052
9379301
9379337
9379612
9379624
9379961
9380075
9380374
9380477
9380489
9380506
9380831
9381756
9381835
9382114
9382762
9383443
9384069
9384435
9384447
9384459
9384992
9385142
9385673
9386249
9386378
9387255
9387279
9387281
9387918
9388015
9388209
9388728
9388742
9388792
9389071
9389083
9389679
9390161
9390305
9390458
9390769
9390991
9391000
9391282
9391373
9391397
9391505
9391945
9392250
9392315
9392468
9392640
9393072
9393333
9393345
9393395
9394519
9394935
9395367
9395989
9396385
9396488
9396737
9396749
9396775
9397327
9397339
9397511
9397559
9397781
9398280
9398486
9399260
9399492
9399911
9400356
9400837
9401128
9401300
9401556
9402249
9402469
9402471
9402495
9402677
9402689
9402782
9403827
9403906
9404364
9404388
9404584
9404625
9404950
9405057
9406582
9407093
9407213
9407225
9407380
9407457
9407976
9407988
9408190
9409259
9409273
9410507
9410519
9410911
9411135
9411331
9411343
9411927
9411989
9411991
9412000
9412452
9413547
9413585
9413688
9414216
9414292
9416032
9416070
9416812
9417323
9417751
9418602
9419101
9419137
9419369
9420617
9420629
9420851
9421219
9422445
9422536
9422548
9422639
9423449
9423683
9423736
9423841
9424754
9425241
9425253
9425356
9425497
9425502
9425552
9426207
9427524
9427641
9427988
9428073
9428085
9428188
9428346
9428384
9428451
9430272
9430739
9431020
9431032
9431056
9431123
9431264
9432866
9433303
9434890
9435313
9436018
9436381
9437672
9437684
9437983
9438418
9438444
9438858
9438860
9439151
9439852
9439876
9442184
9442914
9444455
9444467
9444479
9447055
9447067
9447304
9447328
9448152
9448877
9449223
9451226
9456939
9457608
9457749
9457878
9458016
9458028
9458145
9460239
9460241
9461685
9462093
9462304
9462316
9464273
9464364
9464376
9465992
9466013
9466130
9466142
9466726
9466738
9468530
9470909
9470959
9471032
9472529
9473092
9473107
9473925
9474539
9474541
9476824
9477529
9478288
9478315
9479668
9479670
9479711
9479802
9479840
9479979
9480980
9480992
9481001
9482562
9482586
9482627
9483516
9485356
9485368
9487378
9487380
9488322
9488839
9489194
9489209
9489572
9496692
9503902
9503914
9503926
9505687
9507582
9507594
9507726
9507738
9511387
9511521
9511533
9513139
9513440
9514456
9517458
9518799
9518804
9519614
9521411
9522324
9523287
9523548
9525572
9525584
9527609
9527635
9527776
9528043
9529475
9529487
9531478
9534066
9535400
9535541
9536363
9537642
9537771
9539561
9540003
9542166
9542984
9543043
9544607
9545211
9547570
9553048
9553634
9558763
9565742
9566289
9566758
9567697
9570113
9571038
9577044
9577111
9577991
9578000
9578012
9578024
9578036
9579585
9581019
9581423
9581447
9587790
9587843
9588158
9588914
9590668
9590682
9590711
9590905
9592276
9592290
9592305
9593414
9595137
9595632
9600865
9601223
9602473
9607174
9607722
9610341
9610781
9610810
9614593
9617698
9618848
9618850
9618862
9621601
9624005
9624079
9624770
9628300
9628489
9629550
9629562
9630004
9630028
9630030
9631383
9631436
9633446
9635858
9636797
9637507
9640138
9644225
9645097
9645401
9645413
9645970
9649225
9650054
9654579
9654775
9655004
9655444
9655511
9658367
9659103
9660657
9661558
9664720
9667485
9667928
9669665
9671216
9674763
9675066
9675078
9675080
9676125
9676137
9681120
9681156
9681390
9682241
9682978
9682992
9683013
9683049
9683051
9684108
9684110
9684122
9685425
9685451
9685499
9685504
9686857
9686869
9686871
9686883
9687021
9687485
9687502
9688374
9688386
9689160
9690846
9691735
9692478
9692832
9693068
9693812
9694464
9694658
9696553
9696577
9696589
9696773
9697492
9697507
9699505
9702209
9703332
9704453
9705914
9706085
9706425
9706463
9708148
9710311
9710323
9710335
9711456
9711470
9712553
9715555
9715701
9717278
9717292
9717503
9718777
9719264
9719513
9719525
9721891
9722170
9722390
9722405
9722596
9722613
9722780
9723289
9723291
9723681
9724075
9724336
9724350
9724532
9724544
9724594
9724623
9724685
9724702
9725603
9725627
9725639
9726580
9726750
9727546
9728239
9728241
9728411
9729271
9731731
9731755
9732682
9733624
9734836
9734848
9734850
9735658
9736092
9737371
9737383
9737395
9737400
9737759
9739800
9739812
9739824
9739836
9740471
9740794
9741815
9742211
9744893
9744908
9744910
9744960
9745512
9746619
9746621
9747974
9747986
9748215
9748904
9749556
9749685
9750062
9750660
9750701
9750713
9750725
9750737
9750749
9752797
9753818
9753832
9753844
9755646
9755658
9755725
9759800
9760495
9760500
9761164
9761176
9765017
9765079
9768368
9768370
9768382
9768394
9768526
9769128
9769829
9770945
9771511
9771523
9773052
9773753
9773923
9776444
9776559
9776743
9776755
9776767
9777931
9778002
9779941
9779953
9779965
9783007
9783124
9783631
9784611
9786190
9787194
9787924
9787936
9788617
9789532
9789714
9790373
9791004
9792046
9792864
9793284
9794422
9794446
9795048
9795062
9795074
9796585
9796705
9796743
9797802
9797814
9798002
9798167
9798179
9798351
9798375
9800257
9800312
9800374
9800506
9803285
9804904
9806627
9806706
9808156
9808168
9809368
9810513
9811127
9815616
9815757
9816529
9816531
9817157
9817169
9817171
9817315
9817470
9817963
9818058
9818216
9818278
9818280
9819052
9819832
9819844
9819882
9820776
9822451
9825568
9826720
9826732
9826847
9826897
9829095
9829100
9829643
9829679
9829784
9829796
9830599
9830604
9831024
9831294
9833101
9833113
9833199
9833682
9834296
9834301
9834715
9835848
9836062
9837169
9837171
9842176
9842188
9842190
9843560
9843572
9843912
9843924
9845104
9845178
9849382
9849394
9850666
9850692
9851610
9851622
9851696
9851713
9853008
9854466
9854478
9854806
9855812
9856359
9856799
9857224
9857860
9859739
9861809
9861811
9863558
9863560
9864277
9864837
9865104
9866380
9866938
9866940
9866952
9866964
9867621
9868156
9868168
9868778
9868780
9868962
9868974
9870472
9870666
9874246
9874820
9876335
9876347
9876440
9876828
9876830
9877145
9877559
9877573
9878008
9878711
9882396
9882401
9885908
9885996
9886639
9886718
9886720
9886782
9887384
9887803
9888508
9888730
9889136
9889942
9890599
9891696
9891919
9892432
9892444
9892834
9892975
9892987
9893046
9893058
9893084
9893228
9895214
9895226
9895903
9898204
9899375
9900796
9900851
9901362
9902811
9902823
9902835
9903413
9904041
9904053
9905320
9905423
9905916
9905928
9905952
9907809
9909247
9909649
9909651
9910117
9910337
9910533
9914620
9914632
9919735
9919890
9922976
9922988
9923425
9927213
9929871
9930105
9933212
9933535
9934412
9934890
9935557
9938767
9939797
9939802
9939814
9941568
9941702
9941714
9942304
9943360
9944144
9944302
9948293
9952608
9953420
9953494
9955521
9955997
9956006
9956020
9956927
9956939
9962419
9964077
9967251
9970507
9970519
9970595
9970739
9974589
9980318
9981245
Unknown