541077891
7915113
8327105
8412235
8414477
8416786
8661020
8711837
8712166
8719102
8813087
8913708
8920567
9007104
9096399
9108740
9108843
9114763
9118496
9125645
9131199
9137648
9145413
9147734
9148960
9152820
9154323
9164081
9164732
9172155
9172210
9172222
9175183
9177545
9183295
9185528
9186352
9187057
9191163
9191175
9191668
9194012
9207039
9212345
9212498
9220794
9227261
9230048
9231183
9231509
9232888
9236315
9236743
9242443
9247168
9248813
9251652
9251743
9251755
9254240
9254977
9256420
9257022
9258868
9259111
9259185
9259991
9260823
9265249
9265251
9265885
9266425
9268239
9269257
9271884
9273246
9273351
9273832
9274525
9275335
9276561
9277759
9279410
9280586
9282053
9282510
9283306
9284582
9285184
9288693
9288863
9290517
9290830
9291250
9291597
9292060
9292620
9292967
9293002
9293117
9294680
9294692
9296195
9297137
9297321
9297371
9297888
9298193
9298416
9299159
9299692
9299707
9299721
9300489
9300829
9301029
9301873
9305556
9307815
9307827
9308077
9308443
9308900
9309435
9310317
9310381
9312080
9313474
9313527
9315745
9315769
9316024
9317195
9317676
9317949
9318228
9318230
9318553
9320063
9321677
9321689
9321691
9322695
9323352
9323376
9323405
9326914
9327011
9327059
9327384
9327463
9327487
9329306
9330185
9331153
9333400
9333618
9333917
9334569
9337327
9340908
9341184
9341419
9342413
9344198
9344265
9345350
9346407
9346500
9346512
9346641
9346720
9346926
9349203
9350745
9350886
9350898
9352195
9353101
9353113
9354571
9356622
9356919
9358931
9360336
9360415
9360441
9360831
9362152
9366744
9368778
9369760
9370848
9371268
9371610
9371878
9373632
9373735
9374533
9375604
9375989
9376828
9377183
9377949
9378278
9378292
9378307
9378620
9378632
9378723
9378735
9379052
9379612
9380477
9381756
9385142
9385673
9387281
9388209
9388742
9389679
9390305
9390458
9390991
9391000
9391282
9391397
9391505
9391945
9392250
9393333
9393345
9394519
9394935
9395367
9396385
9396749
9396775
9397339
9398486
9400356
9400837
9402469
9402471
9403827
9404388
9404625
9407225
9407976
9407988
9408190
9410507
9410519
9410911
9411989
9411991
9423449
9424754
9425241
9425356
9427524
9427988
9428085
9428188
9431032
9431056
9432866
9437672
9438418
9438858
9439151
9442914
9444455
9444479
9448152
9448877
9449223
9451226
9457608
9457749
9458028
9458145
9460241
9464364
9466130
9466738
9471032
9472529
9479668
9479802
9481001
9485356
9485368
9487378
9488322
9489209
9503902
9503914
9505687
9507594
9507726
9511387
9511533
9517458
9518804
9521411
9523548
9525572
9525584
9527609
9527635
9528043
9535541
9537642
9537771
9547570
9558763
9571038
9577044
9577111
9577991
9578024
9581423
9587790
9601223
9610341
9614593
9617698
9618862
9628300
9628489
9630028
9631383
9631436
9640138
9644225
9645401
9645413
9650054
9655511
9671216
9676125
9676137
9682241
9683049
9684108
9684110
9684122
9685425
9686857
9686883
9687485
9688374
9689160
9696589
9699505
9706463
9708148
9710311
9710335
9711470
9717278
9718777
9719513
9719525
9722170
9722390
9722405
9722780
9724532
9724594
9724685
9731731
9732682
9733624
9734848
9737383
9739800
9739812
9739824
9739836
9740794
9744910
9747974
9747986
9750713
9750737
9750749
9753818
9755646
9755658
9761176
9768368
9768370
9768382
9768394
9769128
9771511
9776444
9777931
9779941
9779953
9779965
9783007
9786190
9789532
9790373
9797802
9797814
9798179
9803285
9806627
9808168
9809368
9816529
9816531
9817157
9817169
9817171
9817315
9817963
9818058
9818278
9819052
9819832
9819882
9822451
9829643
9829784
9829796
9831024
9833682
9837169
9837171
9851622
9854466
9854478
9857224
9861809
9861811
9864277
9866380
9868962
9868974
9870472
9870666
9876335
9878008
9885996
9889942
9890599
9891919
9892432
9892444
9892987
9893084
9900851
9902811
9904041
9904053
9905916
9905928
9909247
9909649
9909651
9910533
9914632
9919890
9929871
9933212
9935557
9939797
9941702
9942304
9943360
9948293
9952608
9953420
9955997
9956939
9964077
9967251
9970507
9974589
Unknown
